1488692617 245945930 0.000000 1.000000 0.000000 0.000000 0.000000 0.000000 0.000000 0.000000 0.000000 0.000000 0.000000 0.000000 0.0000001488692617 245945930 0.000000 0.000000 0.000000 0.000000 0.000000 0.000000 0.000000 0.000000 1.000000 0.000000 0.000000 0.000000 0.0000001555979746 633321046 0.014117 0.000000 0.016003 0.000000 0.568973 0.000000 0.003846 0.020532 0.263689 0.006453 0.016383 0.085768 0.004235
1555979746 633321046 0.000000 0.000000 0.000000 0.000000 0.444444 0.000000 0.000000 0.000000 0.365079 0.000000 0.000000 0.190476 0.000000 
1555980337 637240886 0.014117 0.000000 0.016003 0.000000 0.568973 0.000000 0.003846 0.020532 0.263689 0.006453 0.016383 0.085768 0.004235
1555980337 637240886 0.000000 0.000000 0.000000 0.000000 0.444444 0.000000 0.000000 0.000000 0.365079 0.000000 0.000000 0.190476 0.000000 
1555980421 289566040 0.014117 0.000000 0.016003 0.000000 0.568973 0.000000 0.003846 0.020532 0.263689 0.006453 0.016383 0.085768 0.004235
1555980421 289566040 0.000000 0.000000 0.000000 0.000000 0.444444 0.000000 0.000000 0.000000 0.365079 0.000000 0.000000 0.190476 0.000000 
1555980481 916121006 0.014117 0.000000 0.016003 0.000000 0.568973 0.000000 0.003846 0.020532 0.263689 0.006453 0.016383 0.085768 0.004235
1555980481 916121006 0.000000 0.000000 0.000000 0.000000 0.444444 0.000000 0.000000 0.000000 0.365079 0.000000 0.000000 0.190476 0.000000 
1555980522 756119012 0.014117 0.000000 0.016003 0.000000 0.568973 0.000000 0.003846 0.020532 0.263689 0.006453 0.016383 0.085768 0.004235
1555980522 756119012 0.000000 0.000000 0.000000 0.000000 0.444444 0.000000 0.000000 0.000000 0.365079 0.000000 0.000000 0.190476 0.000000 
1555980540 714477062 0.014117 0.000000 0.016003 0.000000 0.568973 0.000000 0.003846 0.020532 0.263689 0.006453 0.016383 0.085768 0.004235
1555980540 714477062 0.000000 0.000000 0.000000 0.000000 0.444444 0.000000 0.000000 0.000000 0.365079 0.000000 0.000000 0.190476 0.000000 
1555980566 803117990 0.014117 0.000000 0.016003 0.000000 0.568973 0.000000 0.003846 0.020532 0.263689 0.006453 0.016383 0.085768 0.004235
1555980566 803117990 0.000000 0.000000 0.000000 0.000000 0.444444 0.000000 0.000000 0.000000 0.365079 0.000000 0.000000 0.190476 0.000000 
1555980580 180721998 0.014117 0.000000 0.016003 0.000000 0.568973 0.000000 0.003846 0.020532 0.263689 0.006453 0.016383 0.085768 0.004235
1555980580 180721998 0.000000 0.000000 0.000000 0.000000 0.444444 0.000000 0.000000 0.000000 0.365079 0.000000 0.000000 0.190476 0.000000 
1555980602 645646095 0.014117 0.000000 0.016003 0.000000 0.568973 0.000000 0.003846 0.020532 0.263689 0.006453 0.016383 0.085768 0.004235
1555980602 645646095 0.000000 0.000000 0.000000 0.000000 0.444444 0.000000 0.000000 0.000000 0.365079 0.000000 0.000000 0.190476 0.000000 
1555980852 841820955 0.014117 0.000000 0.016003 0.000000 0.568973 0.000000 0.003846 0.020532 0.263689 0.006453 0.016383 0.085768 0.004235
1555980852 841820955 0.000000 0.000000 0.000000 0.000000 0.444444 0.000000 0.000000 0.000000 0.365079 0.000000 0.000000 0.190476 0.000000 
1555981315 848113059 0.014117 0.000000 0.016003 0.000000 0.568973 0.000000 0.003846 0.020532 0.263689 0.006453 0.016383 0.085768 0.004235
1555981315 848113059 0.000000 0.000000 0.000000 0.000000 0.444444 0.000000 0.000000 0.000000 0.365079 0.000000 0.000000 0.190476 0.000000 
1555981477 512814998 0.014117 0.000000 0.016003 0.000000 0.568973 0.000000 0.003846 0.020532 0.263689 0.006453 0.016383 0.085768 0.004235
1555981477 512814998 0.000000 0.000000 0.000000 0.000000 0.444444 0.000000 0.000000 0.000000 0.365079 0.000000 0.000000 0.190476 0.000000 
1555981519 108519077 0.014117 0.000000 0.016003 0.000000 0.568973 0.000000 0.003846 0.020532 0.263689 0.006453 0.016383 0.085768 0.004235
1555981519 108519077 0.000000 0.000000 0.000000 0.000000 0.444444 0.000000 0.000000 0.000000 0.365079 0.000000 0.000000 0.190476 0.000000 
1555981539 920840978 0.014117 0.000000 0.016003 0.000000 0.568973 0.000000 0.003846 0.020532 0.263689 0.006453 0.016383 0.085768 0.004235
1555981539 920840978 0.000000 0.000000 0.000000 0.000000 0.444444 0.000000 0.000000 0.000000 0.365079 0.000000 0.000000 0.190476 0.000000 
1555981555 28351068 0.014117 0.000000 0.016003 0.000000 0.568973 0.000000 0.003846 0.020532 0.263689 0.006453 0.016383 0.085768 0.004235
1555981555 28351068 0.000000 0.000000 0.000000 0.000000 0.444444 0.000000 0.000000 0.000000 0.365079 0.000000 0.000000 0.190476 0.000000 
1555981658 181473970 0.022732 0.000000 0.035874 0.000000 0.384700 0.000000 0.007220 0.029304 0.171381 0.004554 0.016297 0.316389 0.011550
1555981658 181473970 0.000000 0.000000 0.000000 0.000000 0.444444 0.000000 0.000000 0.000000 0.365079 0.000000 0.000000 0.190476 0.000000 
1555982183 655616044 0.022732 0.000000 0.035874 0.000000 0.384700 0.000000 0.007220 0.029304 0.171381 0.004554 0.016297 0.316389 0.011550
1555982183 655616044 0.000000 0.000000 0.000000 0.000000 0.444444 0.000000 0.000000 0.000000 0.365079 0.000000 0.000000 0.190476 0.000000 
1555982267 488169908 0.017699 0.000000 0.010770 0.000000 0.713233 0.000000 0.001715 0.008498 0.091279 0.002358 0.056547 0.092398 0.005503
1555982267 488169908 0.000000 0.000000 0.000000 0.000000 0.444444 0.000000 0.000000 0.000000 0.365079 0.000000 0.000000 0.190476 0.000000 
1555982315 542922019 0.004493 0.000000 0.015260 0.000000 0.003316 0.000000 0.002182 0.964719 0.001475 0.001066 0.002527 0.002676 0.002286
1555982315 542922019 0.000000 0.000000 0.000000 0.000000 0.000000 0.000000 0.000000 1.000000 0.000000 0.000000 0.000000 0.000000 0.000000 
1555982347 376784086 0.001230 0.000000 0.004266 0.000000 0.001983 0.000000 0.153307 0.013211 0.021207 0.789052 0.008206 0.000294 0.007243
1555982347 376784086 0.000000 0.000000 0.000000 0.000000 0.000000 0.000000 0.282258 0.000000 0.000000 0.387097 0.233871 0.000000 0.096774 
1555982373 908724069 0.015580 0.000000 0.333598 0.000000 0.574936 0.000000 0.000924 0.004886 0.000694 0.000576 0.055175 0.006185 0.007447
1555982373 908724069 0.000000 0.000000 0.500000 0.000000 0.500000 0.000000 0.000000 0.000000 0.000000 0.000000 0.000000 0.000000 0.000000 
1555990564 129774093 0.003758 0.000000 0.003079 0.000000 0.553049 0.000000 0.001094 0.009080 0.407356 0.008388 0.006779 0.006905 0.000512
1555990564 129774093 0.000000 0.000000 0.000000 0.000000 0.444444 0.000000 0.000000 0.000000 0.365079 0.000000 0.000000 0.190476 0.000000 
1555990591 768317937 0.003758 0.000000 0.003079 0.000000 0.553049 0.000000 0.001094 0.009080 0.407356 0.008388 0.006779 0.006905 0.000512
1555990591 768317937 0.000000 0.000000 0.000000 0.000000 0.444444 0.000000 0.000000 0.000000 0.365079 0.000000 0.000000 0.190476 0.000000 
1555990687 92159986 0.003758 0.000000 0.003079 0.000000 0.553049 0.000000 0.001094 0.009080 0.407356 0.008388 0.006779 0.006905 0.000512
1555990687 92159986 0.000000 0.000000 0.000000 0.000000 0.444444 0.000000 0.000000 0.000000 0.365079 0.000000 0.000000 0.190476 0.000000 
1555990816 744910955 0.003758 0.000000 0.003079 0.000000 0.553049 0.000000 0.001094 0.009080 0.407356 0.008388 0.006779 0.006905 0.000512
1555990816 744910955 0.000000 0.000000 0.000000 0.000000 0.444444 0.000000 0.000000 0.000000 0.365079 0.000000 0.000000 0.190476 0.000000 
1555990857 995132923 0.003758 0.000000 0.003079 0.000000 0.553049 0.000000 0.001094 0.009080 0.407356 0.008388 0.006779 0.006905 0.000512
1555990857 995132923 0.000000 0.000000 0.000000 0.000000 0.444444 0.000000 0.000000 0.000000 0.365079 0.000000 0.000000 0.190476 0.000000 
1555990966 891403913 0.003758 0.000000 0.003079 0.000000 0.553049 0.000000 0.001094 0.009080 0.407356 0.008388 0.006779 0.006905 0.000512
1555990966 891403913 0.000000 0.000000 0.000000 0.000000 0.444444 0.000000 0.000000 0.000000 0.365079 0.000000 0.000000 0.190476 0.000000 
1555991025 396656036 0.003758 0.000000 0.003079 0.000000 0.553049 0.000000 0.001094 0.009080 0.407356 0.008388 0.006779 0.006905 0.000512
1555991025 396656036 0.000000 0.000000 0.000000 0.000000 0.444444 0.000000 0.000000 0.000000 0.365079 0.000000 0.000000 0.190476 0.000000 
1556166571 568774938 0.000023 0.000000 0.000080 0.000000 0.006167 0.000000 0.000172 0.000550 0.985866 0.007118 0.000015 0.000009 0.000001
1556166571 568774938 0.000000 0.000000 0.000000 0.000000 0.444444 0.000000 0.000000 0.000000 0.365079 0.000000 0.000000 0.190476 0.000000 
1556166593 609365940 0.000023 0.000000 0.000080 0.000000 0.006167 0.000000 0.000172 0.000550 0.985866 0.007118 0.000015 0.000009 0.000001
1556166593 609365940 0.000000 0.000000 0.000000 0.000000 0.444444 0.000000 0.000000 0.000000 0.365079 0.000000 0.000000 0.190476 0.000000 
1556166703 411475896 0.002565 0.000000 0.005869 0.000000 0.008131 0.000000 0.001216 0.971009 0.004821 0.003115 0.002240 0.000443 0.000591
1556166703 411475896 0.000000 0.000000 0.000000 0.000000 0.000000 0.000000 0.000000 1.000000 0.000000 0.000000 0.000000 0.000000 0.000000 
1556166718 225393056 0.001001 0.000000 0.002259 0.000000 0.003372 0.000000 0.081462 0.010186 0.022485 0.863957 0.010673 0.000136 0.004468
1556166718 225393056 0.000000 0.000000 0.000000 0.000000 0.000000 0.000000 0.282258 0.000000 0.000000 0.387097 0.233871 0.000000 0.096774 
1556166727 542535066 0.005711 0.000000 0.894807 0.000000 0.060004 0.000000 0.007165 0.016108 0.004141 0.002396 0.001466 0.005199 0.003004
1556166727 542535066 0.000000 0.000000 0.500000 0.000000 0.500000 0.000000 0.000000 0.000000 0.000000 0.000000 0.000000 0.000000 0.000000 
1556166741 296413898 0.018963 0.000000 0.121770 0.000000 0.271123 0.000000 0.029077 0.059673 0.457318 0.006664 0.004498 0.019748 0.011165
1556166741 296413898 0.000000 0.000000 0.000000 0.000000 0.661972 0.000000 0.000000 0.000000 0.338028 0.000000 0.000000 0.000000 0.000000 
1556166751 961813926 0.002802 0.000000 0.008231 0.000000 0.004996 0.000000 0.001609 0.973115 0.003521 0.002262 0.001873 0.000757 0.000832
1556166751 961813926 0.000000 0.000000 0.000000 0.000000 0.000000 0.000000 0.000000 1.000000 0.000000 0.000000 0.000000 0.000000 0.000000 
1556166766 47502994 0.001380 0.000000 0.002153 0.000000 0.006706 0.000000 0.064104 0.010897 0.019545 0.867618 0.021326 0.000160 0.006109
1556166766 47502994 0.000000 0.000000 0.000000 0.000000 0.000000 0.000000 0.282258 0.000000 0.000000 0.387097 0.233871 0.000000 0.096774 
1556166777 568905115 0.009241 0.000000 0.814531 0.000000 0.133848 0.000000 0.004302 0.015615 0.001966 0.001501 0.003820 0.008975 0.006201
1556166777 568905115 0.000000 0.000000 0.500000 0.000000 0.500000 0.000000 0.000000 0.000000 0.000000 0.000000 0.000000 0.000000 0.000000 
1556166793 328092098 0.016949 0.000000 0.105345 0.000000 0.277900 0.000000 0.026025 0.057173 0.480249 0.006952 0.004113 0.015927 0.009367
1556166793 328092098 0.000000 0.000000 0.000000 0.000000 0.661972 0.000000 0.000000 0.000000 0.338028 0.000000 0.000000 0.000000 0.000000 
1556166799 906874895 0.016949 0.000000 0.105345 0.000000 0.277900 0.000000 0.026025 0.057173 0.480249 0.006952 0.004113 0.015927 0.009367
1556166799 906874895 0.000000 0.000000 0.000000 0.000000 0.661972 0.000000 0.000000 0.000000 0.338028 0.000000 0.000000 0.000000 0.000000 
1556166802 389385938 0.016949 0.000000 0.105345 0.000000 0.277900 0.000000 0.026025 0.057173 0.480249 0.006952 0.004113 0.015927 0.009367
1556166802 389385938 0.000000 0.000000 0.000000 0.000000 0.661972 0.000000 0.000000 0.000000 0.338028 0.000000 0.000000 0.000000 0.000000 
1556166830 531517982 0.004175 0.000000 0.008764 0.000000 0.005144 0.000000 0.001997 0.806696 0.003153 0.002244 0.164714 0.001528 0.001584
1556166830 531517982 0.000000 0.000000 0.000000 0.000000 0.000000 0.000000 0.000000 0.640000 0.000000 0.000000 0.360000 0.000000 0.000000 
1556166833 950918912 0.004175 0.000000 0.008764 0.000000 0.005144 0.000000 0.001997 0.806696 0.003153 0.002244 0.164714 0.001528 0.001584
1556166833 950918912 0.000000 0.000000 0.000000 0.000000 0.000000 0.000000 0.000000 0.640000 0.000000 0.000000 0.360000 0.000000 0.000000 
1556166909 119405984 0.011004 0.000000 0.010192 0.000000 0.647085 0.000000 0.002441 0.016926 0.234877 0.005853 0.015029 0.053570 0.003022
1556166909 119405984 0.000000 0.000000 0.000000 0.000000 0.444444 0.000000 0.000000 0.000000 0.365079 0.000000 0.000000 0.190476 0.000000 
1556166926 170512914 0.006004 0.000000 0.014193 0.000000 0.003217 0.000000 0.002233 0.786148 0.000991 0.000864 0.176427 0.005506 0.004418
1556166926 170512914 0.000000 0.000000 0.000000 0.000000 0.000000 0.000000 0.000000 0.640000 0.000000 0.000000 0.360000 0.000000 0.000000 
1556166947 699944019 0.007030 0.000000 0.006183 0.000000 0.024272 0.000000 0.091665 0.016734 0.008987 0.583358 0.207833 0.001340 0.052599
1556166947 699944019 0.000000 0.000000 0.000000 0.000000 0.000000 0.000000 0.282258 0.000000 0.000000 0.387097 0.233871 0.000000 0.096774 
1556166994 902745962 0.000000 0.000000 0.000000 0.000000 0.000000 0.000000 0.000000 0.000000 0.000000 0.000000 0.000000 0.997900 0.002100
1556166994 902745962 0.000000 0.000000 0.000000 0.000000 0.444444 0.000000 0.000000 0.000000 0.365079 0.000000 0.000000 0.190476 0.000000 
1556167008 560355901 0.000000 0.000000 0.000000 0.000000 0.000000 0.000000 0.000000 0.000000 0.000000 0.000000 0.000000 0.997900 0.002100
1556167008 560355901 0.000000 0.000000 0.000000 0.000000 0.444444 0.000000 0.000000 0.000000 0.365079 0.000000 0.000000 0.190476 0.000000 
1556167021 419537067 0.000000 0.000000 0.000000 0.000000 0.000000 0.000000 0.000000 0.000000 0.000000 0.000000 0.000000 0.997900 0.002100
1556167021 419537067 0.000000 0.000000 0.000000 0.000000 0.444444 0.000000 0.000000 0.000000 0.365079 0.000000 0.000000 0.190476 0.000000 
1556167080 438061952 0.003520 0.000000 0.008588 0.000000 0.006986 0.000000 0.001536 0.968668 0.003471 0.002298 0.003066 0.000854 0.001012
1556167080 438061952 0.000000 0.000000 0.000000 0.000000 0.000000 0.000000 0.000000 1.000000 0.000000 0.000000 0.000000 0.000000 0.000000 
1556167095 743957042 0.001354 0.000000 0.003098 0.000000 0.003579 0.000000 0.102644 0.010637 0.021725 0.834320 0.016106 0.000204 0.006333
1556167095 743957042 0.000000 0.000000 0.000000 0.000000 0.000000 0.000000 0.282258 0.000000 0.000000 0.387097 0.233871 0.000000 0.096774 
1556167114 555562973 0.008126 0.000000 0.849745 0.000000 0.102840 0.000000 0.005206 0.014566 0.002689 0.001787 0.003241 0.007107 0.004692
1556167114 555562973 0.000000 0.000000 0.500000 0.000000 0.500000 0.000000 0.000000 0.000000 0.000000 0.000000 0.000000 0.000000 0.000000 
1556167134 57934045 0.014142 0.000000 0.052724 0.000000 0.480724 0.000000 0.011712 0.040178 0.374044 0.005986 0.005867 0.008204 0.006418
1556167134 57934045 0.000000 0.000000 0.000000 0.000000 0.661972 0.000000 0.000000 0.000000 0.338028 0.000000 0.000000 0.000000 0.000000 
1556167143 435321092 0.004763 0.000000 0.010875 0.000000 0.007311 0.000000 0.001612 0.963772 0.002331 0.001675 0.004465 0.001502 0.001693
1556167143 435321092 0.000000 0.000000 0.000000 0.000000 0.000000 0.000000 0.000000 1.000000 0.000000 0.000000 0.000000 0.000000 0.000000 
1556167174 828533887 0.002821 0.000000 0.003927 0.000000 0.010916 0.000000 0.088966 0.016810 0.014976 0.800294 0.043121 0.000490 0.017679
1556167174 828533887 0.000000 0.000000 0.000000 0.000000 0.000000 0.000000 0.282258 0.000000 0.000000 0.387097 0.233871 0.000000 0.096774 
1556167184 662363052 0.011894 0.000000 0.385442 0.000000 0.551313 0.000000 0.001832 0.007864 0.003288 0.002005 0.029974 0.002911 0.003478
1556167184 662363052 0.000000 0.000000 0.500000 0.000000 0.500000 0.000000 0.000000 0.000000 0.000000 0.000000 0.000000 0.000000 0.000000 
1556167203 771271944 0.004603 0.000000 0.016020 0.000000 0.002134 0.000000 0.003553 0.858040 0.002196 0.001507 0.105926 0.003476 0.002544
1556167203 771271944 0.000000 0.000000 0.000000 0.000000 0.000000 0.000000 0.000000 0.640000 0.000000 0.000000 0.360000 0.000000 0.000000 
1556167236 230832099 0.014809 0.000000 0.014938 0.000000 0.022650 0.000000 0.127321 0.034310 0.002220 0.234537 0.188499 0.012376 0.348340
1556167236 230832099 0.000000 0.000000 0.000000 0.000000 0.000000 0.000000 0.282258 0.000000 0.000000 0.387097 0.233871 0.000000 0.096774 
